10
270 3179 2991 2840 3031 3421 3738 4947 6226 
2903 2715 2564 2755 3144 4153 5362 6641
504 655 908 1299 2237 3446 3682
151 423 723 2040 3249 3485
272 571 1888 3098 3334 
241 1560 2770 3006 
1617 2827 3063 
1274 1510 
236 

0 270 3179 2991 2840 3031 3421 3738 4947 6226 
0 0 2903 2715 2564 2755 3144 4153 5362 6641
0 0 0 504 655 908 1299 2237 3446 3682
0 0 0 0 151 423 723 2040 3249 3485
0 0 0 0 0 272 571 1888 3098 3334 
0 0 0 0 0 0 241 1560 2770 3006 
0 0 0 0 0 0 0 1617 2827 3063 
0 0 0 0 0 0 0 0 1274 1510 
0 0 0 0 0 0 0 0 0 236 



540	    3179	2991	2840	3031	3421	3738	4947	6226
3179	5806	2715	2564	2755	3144	4153	5362	6641
2991	2715	1008	655	    908	    1299	2237	3446	3682
2840	2564	655	    302	    423	    723	    2040	3249	3485
3031	2755	908	    423	    544	    571	    1888	3098	3334
3421	3144	1299	723	    571	    482	    1560	2770	3006
3738	4153	2237	2040	1888	1560	3234	2827	3063
4947	5362	3446	3249	3098	2770	2827	2548	1510
6226	6641	3682	3485	3334	3006	3063	1510	472


{0, 270, 3179, 2991, 2840, 3031, 3421, 3738, 4947, 6226},
{270, 0, 5806, 2715, 2564, 2755, 3144, 4153, 5362, 6641},
{3179,2715, 0, 1008,  655,  908, 1299, 2237, 3446, 3682},
{2991,2564,  655, 0, 302,  423,  723, 2040, 3249, 3485},
{2840,2755,  908,  423, 0, 544,  571, 1888, 3098, 3334},
{3031,3144, 1299,  723,  571,  482, 1560, 2770, 3006},
{3421,4153, 2237, 2040, 1888, 1560, 3234, 2827, 3063},
{3738,5362, 3446, 3249, 3098, 2770, 2827, 2548, 1510},
{4947,6641, 3682, 3485, 3334, 3006, 3063, 1510, 472}                                       
{6226, 6641, 3682,}

0	0	0	0	0	0	0	0	0	0
270	0	0	0	0	0	0	0	0	0
3179	2903	0	0	0	0	0	0	0	0
2991	2715	504	0	0	0	0	0	0	0
2840	2564	655	151	0	0	0	0	0	0
3031	2755	908	423	272	0	0	0	0	0
3421	3144	1299	723	571	241	0	0	0	0
3738	4153	2237	2040	1888	1560	1617	0	0	0
4947	5362	3446	3249	3098	2770	2827	1274	0	0
6226	6641	3682	3485	3334	3006	3063	1510	236	0


//Final

0	270	3179	2991	2840	3031	3421	3738	4947	6226
2	270	0	2903	2715	2564	2755	3144	4153	5362	6641
3	3179	2903	0	504	655	908	1299	2237	3446	3682
4	2991	2715	504	0	151	423	723	2040	3249	3485
5	2840	2564	655	151	0	272	571	1888	3098	3334
6	3031	2755	908	423	272	0	241	1560	2770	3006
7	3421	3144	1299	723	571	241	0	1617	2827	3063
8	3738	4153	2237	2040	1888	1560	1617	0	1274	1510
9	4947	5362	3446	3249	3098	2770	2827	1274	0	236
10	6226	6641	3682	3485	3334	3006	3063	1510	236	0

{0, 270, 3179, 2991, 2840, 3031, 3421, 3738, 4947, 6226},
{270, 0, 2903, 2715,2564, 2755, 3144, 4153, 5362, 6641},
{3179, 2903, 0, 504, 655, 908, 1299, 2237, 3446, 3682},
{2991, 2715, 504, 0, 151, 423, 723, 2040, 3249, 3485},
{2840, 2564,655, 151, 0, 272, 571, 1888, 3098, 3334},
{3031, 2755, 908, 423, 272, 0, 241, 1560, 2770, 3006},
{7, 3421, 3144, 1299, 723, 571, 241, 0, 1617, 2827, 3063},
{3738, 4153, 2237, 2040, 1888, 1560, 1617, 0, 1274, 1510},
{4947, 5362, 3446, 3249, 3098, 2770, 2827, 1274, 0, 236},
{6226, 6641, 3682, 3485, 3334, 3006, 3063, 1510, 236, 0}