10
270 3179 2991 2840 3031 3421 3738 4947 6226 
2903 2715 2564 2755 3144 4153 5362 6641
504 655 908 1299 2237 3446 3682
151 423 723 2040 3249 3485
272 571 1888 3098 3334 
241 1560 2770 3006 
1617 2827 3063 
1274 1510 
236 

270	0	0	0	0	0	0	0	0
3179	2903	0	0	0	0	0	0	0
2991	2715	504	0	0	0	0	0	0
2840	2564	655	151	0	0	0	0	0
3031	2755	908	423	272	0	0	0	0
3421	3144	1299	723	571	241	0	0	0
3738	4153	2237	2040	1888	1560	1617	0	0
4947	5362	3446	3249	3098	2770	2827	1274	0
6226	6641	3682	3485	3334	3006	3063	1510	236


270 3179 2991 2840 3031 3421 3738 4947 6226 
    2903 2715 2564 2755 3144 4153 5362 6641
         504  655  908  1299 2237 3446 3682
              151  423  723  2040 3249 3485
                   272  571  1888 3098 3334 
                        241  1560 2770 3006 
                             1617 2827 3063 
                                  1274 1510 
                                       236 
{270, 3179, 2991, 2840, 3031, 3421, 3738, 4947, 6226},
{3179,2903, 2715, 2564, 2755, 3144, 4153, 5362, 6641},
{2991,2715,  504,  655,  908,  1299, 2237, 3446, 3682},
{2840,2564,  655,  151,  423,  723,  2040, 3249, 3485},
{3031,2755,  908,  908,  272,  571,  1888, 3098, 3334},
{3421,3144, 1299, 1299,  723,  241,  1560, 2770, 3006},
{3738,4153, 2237, 2237, 2040, 1888,  1617, 2827, 3063},
{4947,5362, 3446, 3446, 3249, 3098,  2827, 1274, 1510},
{6226,6226, 3682, 3682, 3485, 3334,  3063, 1510, 236}                                       